2, 1, 1, 1, 1, 1, 1, 1, 1, 1, 1, 1, 1, 1, 1, 1, 1, 1, 1, 1, 1, 1, 1, 1, 1, 1, 1, 2, 1, 4, 1, 4, 1, 1, 1, 1, 1, 1, 1, 1, 1, 1, 1, 1, 1, 1, 1, 1, 1, 1, 1, 1, 1, 1, 1, 1, 1, 2, 4, 2, 4, 2, 4, 2, 4, 2, 4, 2, 4, 2, 4, 2, 2, 2, 2, 2, 2, 1, 2, 2, 2, 2, 2, 2, 2, 2, 2, 2, 2, 2, 2, 2, 2, 2, 2, 2, 2, 2, 2, 2, 2, 2, 2, 1, 1, 1, 1, 1, 1, 1, 1, 1, 1, 1, 1, 1, 1, 1, 1, 1, 1
1, 4, 1, 2
3
3
1, 1, 1, 1, 1, 1, 1, 11
3
3
1, 2, 1, 3, 11
1, 1, 1
3
3
1, 1, 2
1, 1, 1
1, 1
1, 1, 1, 1, 11
1, 1, 1, 1, 5, 3, 11
1
1, 1
1, 1
1, 1, 1, 11
1, 3, 2
1
1, 3
1, 1
1, 1, 1, 1, 1, 11
3, 1, 3, 11
1, 2
4
1, 3, 2, 2
1, 3, 2
1, 1, 2, 2, 2, 2, 2, 2, 2, 2
1, 1, 1, 1, 2, 2, 2, 2, 1, 1, 1, 1, 2
1, 1, 1, 1
1, 1, 1, 3, 3, 3, 3
1, 1, 1, 3, 3, 3, 3
1, 1, 11, 1, 11, 1, 3, 3, 3, 3, 1
1, 1, 1, 3, 3, 3, 3
1, 1, 2, 1
1, 3, 2
1, 1, 1, 3, 3, 11, 3
1, 1, 1, 1, 1, 1, 1, 1, 1, 1
1, 1, 1

1, 1, 1, 2, 2, 2, 1, 1
1, 1, 1, 1, 1
1, 1, 1, 1, 2, 2, 2, 2, 2, 2
1, 11
1, 2, 1, 1, 1, 1, 1, 1, 1, 1, 1, 1, 1, 1, 1, 1, 1, 1
1, 3, 3
1, 1, 1, 1, 1, 1, 1
1, 1, 1, 2
1, 1
1, 1
1, 1

1
17
1, 1, 1, 2
1, 1, 1, 1, 1, 1
1, 1, 1
1, 1, 1, 1
1, 1, 1
1, 1, 1, 1
2, 1, 1
1, 1, 1
1, 1
1, 1, 1, 1, 1, 1
1, 1, 1, 1
1, 1
1, 1, 1
1, 1, 1
1, 1, 1, 1, 1, 1, 1, 1, 1, 1, 1, 1, 1, 1, 1
1, 1, 1, 1, 1, 1, 1, 1, 1, 1, 1, 1, 1, 1, 2, 2, 2, 2
1, 1, 2, 2, 2, 2, 2, 2, 2, 2, 2, 2, 2, 2, 2
1, 1, 1
1
1
1, 2, 2, 1, 2
1, 1, 1, 1, 1
1
1
1
1, 1, 1, 1
1, 2, 2, 2
1
1, 1, 1, 2
1
1
1
1
1, 2
1, 1
1, 1, 1
1, 1
1, 1, 1, 1, 1, 1, 1, 1, 1
3
1, 1
1, 1, 2, 1, 1, 1
1, 1, 1, 1, 1, 1, 1, 1, 5, 1, 5, 1, 5, 1, 5, 1, 5, 1, 5, 1, 5, 1, 5, 1, 5, 1, 5, 1, 5, 1, 5, 1, 5, 1, 5, 1, 1, 2
1, 2, 1, 1, 1, 5, 1, 1, 5, 1, 5, 1, 5, 1, 1, 2
1, 1, 2, 2, 2, 2
1, 1, 1, 1
1, 1, 3, 1
1, 3, 5, 3, 11
1, 1, 1, 2, 4, 2, 4
1, 1, 1, 3, 1, 2
1, 1, 3, 1
1, 1, 1, 2

1, 1, 3, 1, 2, 2, 1, 2, 2, 2
1, 11, 1, 11
1, 1, 1, 1, 1, 1, 1
1, 4, 1, 4, 2, 4, 2, 4, 4
3, 1, 1, 1, 1
1, 1, 1, 1, 1, 1
1, 1, 1, 1, 1, 1, 1, 1, 1, 1, 1, 2
1, 1, 1
1, 4, 1, 4, 1, 1, 1, 2, 1, 1, 1, 1, 1, 1, 1, 1, 1, 1, 1, 1, 1, 1, 1, 1, 1, 1, 1, 1, 1, 1, 1, 1, 1, 1, 1, 1, 1, 1, 1, 1, 1, 1, 1, 1, 1, 1, 1, 1, 1, 1, 1, 1, 1, 1, 1, 1, 1, 1, 1, 1, 1, 1, 1, 1, 1, 1, 1, 1, 1, 1, 1, 1, 1, 1, 1, 1, 1, 1, 1, 1, 1, 1, 1, 1, 1, 1, 1, 1, 1, 1, 1, 1, 1, 1, 1, 1, 1, 1, 1, 1, 1, 1, 1, 1, 1, 1, 1
3, 1
1, 1, 1, 1, 1, 1, 1, 1, 1, 2, 2, 2, 2
1, 3, 1, 1
1, 3, 1, 1
1, 1, 2, 2, 2, 2
1, 1, 1, 1, 1, 4, 2, 2, 2
1, 1, 1, 1, 1, 1, 1, 1
1, 1, 1
1, 2, 3, 11, 2
1, 3, 1, 1
1, 1, 1, 2, 1, 1, 1, 1, 1, 1, 1, 1, 1, 1, 1, 1, 1, 1, 1, 1, 1, 1, 1, 1, 1, 1
1, 1, 1, 1, 1
1
1, 17, 17
1, 4, 1, 1
1, 1, 1, 1
3, 1, 1, 1, 1, 1, 11, 1, 4
1

1, 1, 1, 1, 1, 1, 1, 1
1, 1
1, 1, 1, 1, 3, 1, 2
1, 1, 2, 1, 1, 1, 1, 1
1, 2, 3
17, 17, 17
1, 1, 1, 1, 1
1, 1, 1, 1, 1, 1, 1, 1, 1, 1, 2, 2, 1, 1, 1, 1, 1, 1, 3
1, 1, 1, 2, 2, 2, 2, 2, 2, 2, 2, 2, 2, 1, 1, 1, 1, 2, 2, 2, 2
1
1, 4, 1, 1
1, 1, 1
1, 1, 1, 1, 1, 1, 1, 1, 1
2, 2, 2, 2
